//===== Ragnarok Offline mod: card-remover ===================
//= GENERATED by scripts/gen-card-tiers.py -- do not edit by hand.
//= Which cards are MVP and miniboss cards, by item id, for each era.
//= Every other card is a normal card. The script's docstring has the rule.
//=   renewal: 142 MVP, 84 miniboss
//=   pre-renewal: 44 MVP, 40 miniboss
//============================================================

-	script	card_tiers#cardremover	-1,{
	end;

OnInit:
	deletearray $@cardremover_mvp;
	deletearray $@cardremover_mini;
	if (checkre(0)) {
		setarray $@cardremover_mvp[0], 4005, 4121, 4123, 4128, 4131, 4132, 4134, 4135, 4137, 4142, 4143, 4144, 4145, 4146, 4147, 4148;
		setarray $@cardremover_mvp[16], 4168, 4236, 4263, 4276, 4302, 4305, 4318, 4324, 4330, 4342, 4352, 4357, 4359, 4361, 4363, 4365;
		setarray $@cardremover_mvp[32], 4367, 4372, 4374, 4376, 4386, 4399, 4403, 4407, 4408, 4419, 4425, 4430, 4441, 4451, 4456, 4507;
		setarray $@cardremover_mvp[48], 4509, 4520, 4525, 4526, 4527, 4528, 4529, 4534, 4556, 4557, 4560, 4561, 4562, 4563, 4564, 4565;
		setarray $@cardremover_mvp[64], 4566, 4574, 4576, 4578, 4580, 4592, 4601, 4603, 4610, 4625, 4636, 4647, 4648, 4649, 4650, 4651;
		setarray $@cardremover_mvp[80], 4652, 4662, 4671, 4672, 4673, 4674, 4675, 4676, 4677, 4678, 4679, 4680, 4681, 4682, 4683, 4697;
		setarray $@cardremover_mvp[96], 27020, 27025, 27081, 27104, 27106, 27113, 27119, 27126, 27150, 27151, 27152, 27162, 27164, 27180, 27182, 27265;
		setarray $@cardremover_mvp[112], 27294, 27298, 27305, 27318, 27319, 27321, 27326, 27327, 27346, 27362, 27363, 31023, 31026, 300007, 300021, 300078;
		setarray $@cardremover_mvp[128], 300079, 300080, 300099, 300100, 300107, 300145, 300151, 300217, 300227, 300228, 300239, 300248, 300262, 300281;
		setarray $@cardremover_mini[0], 4047, 4054, 4163, 4169, 4179, 4183, 4197, 4203, 4207, 4237, 4238, 4241, 4243, 4250, 4254, 4266;
		setarray $@cardremover_mini[16], 4290, 4300, 4306, 4354, 4384, 4391, 4392, 4393, 4394, 4395, 4396, 4397, 4398, 4406, 4423, 4426;
		setarray $@cardremover_mini[32], 4427, 4428, 4429, 4431, 4440, 4462, 4463, 4508, 4524, 4532, 4533, 4575, 4577, 4579, 4581, 4590;
		setarray $@cardremover_mini[48], 4591, 4605, 4606, 4631, 4632, 4642, 4643, 4645, 4646, 4684, 4685, 4686, 4687, 4688, 4689, 4690;
		setarray $@cardremover_mini[64], 4691, 4692, 4693, 4694, 4695, 4696, 27105, 27109, 27165, 27183, 27262, 27263, 27322, 27323, 27324, 27325;
		setarray $@cardremover_mini[80], 27334, 31024, 31025, 300103;
	} else {
		setarray $@cardremover_mvp[0], 4121, 4123, 4128, 4131, 4132, 4134, 4135, 4137, 4142, 4143, 4144, 4145, 4146, 4147, 4148, 4168;
		setarray $@cardremover_mvp[16], 4236, 4263, 4276, 4302, 4305, 4318, 4324, 4330, 4342, 4352, 4357, 4359, 4361, 4363, 4365, 4367;
		setarray $@cardremover_mvp[32], 4372, 4374, 4376, 4386, 4399, 4403, 4407, 4408, 4419, 4425, 4430, 4441;
		setarray $@cardremover_mini[0], 4047, 4054, 4163, 4169, 4171, 4174, 4179, 4183, 4197, 4198, 4203, 4207, 4237, 4238, 4241, 4250;
		setarray $@cardremover_mini[16], 4254, 4266, 4290, 4300, 4306, 4354, 4384, 4391, 4392, 4393, 4394, 4395, 4396, 4397, 4398, 4406;
		setarray $@cardremover_mini[32], 4423, 4426, 4427, 4428, 4429, 4431, 4440, 4451;
	}
	end;
}
